 C1 5307 5.65562 5.52869 4.96416 0.044960 0.034940 -0.39984
 C2 5308 5.66025 5.67815 4.94259 -0.03717 -0.17230 0.011000
 C3 5309 5.70488 5.74917 5.07058 0.716240 -0.37635 0.204430
 C4 5310 5.85236 5.69861 5.10188 -0.07831 0.140090 -0.35004
 C5 5311 5.85474 5.55375 5.12180 -0.43844 1.099030 -0.35290
 C6 5312 5.77329 5.47310 5.04807 -0.60972 -0.31678 -0.21262
 C7 5313 5.77850 5.32775 5.05563 0.194560 0.210260 0.157830
 C8 5314 5.87788 5.24945 4.99910 0.775450 0.725550 -0.49243
 C9 5315 5.87032 5.11216 4.97115 -0.25256 0.055000 -0.24259
C10 5316 5.83649 5.05316 4.85277 0.842200 -0.27366 -0.21751

C16 5322 5.65600 5.47011 4.82211 -0.05909 -0.00253 0.517330
C17 5323 5.52197 5.48460 5.04057 0.423430 -0.76501 0.852480
C18 5324 5.96194 5.49692 5.21412 -0.04549 0.240110 -0.67966
C19 5325 5.91070 5.02558 5.09361 -0.00132 0.038400 0.654410

 H1 5327 5.56758 5.72875 4.90868 0.523010 1.183890 0.429620
 H2 5328 5.74337 5.70043 4.87246 -0.70645 0.428260 -0.60018
 H3 5329 5.63362 5.73503 5.15499 -0.27199 1.863770 -0.17332
 H4 5330 5.70084 5.85750 5.04563 0.032610 -0.60696 -0.77215
 H5 5331 5.88985 5.76621 5.18210 0.382300 0.166690 -0.58876
 H6 5332 5.91683 5.71680 5.01317 -1.43790 -1.39698 -1.71391
 H7 5333 5.68988 5.26983 5.08624 0.024150 -0.79094 -1.97738
 H8 5334 5.95906 5.29753 4.94282 -0.45551 1.264470 -1.86709
 H9 5335 5.82703 5.12818 4.77270 1.046440 0.405820 0.382640
H10 5336 5.69524 4.88295 4.85088 0.726540 -2.40156 0.811890

H16 5340 5.67302 5.35942 4.82293 -0.86940 -0.17011 -1.11531
H17 5341 5.72328 5.52772 4.75443 2.269450 -2.71004 0.309480
H18 5342 5.55527 5.47085 4.77705 -0.35196 1.471090 1.153170
H19 5343 5.52838 5.52386 5.14439 -0.84072 -0.63347 0.901440
H20 5344 5.50811 5.37435 5.03618 2.564100 -1.05581 0.571190
H21 5345 5.43100 5.53761 5.00486 1.062720 1.232400 2.032070
H22 5346 6.06519 5.53379 5.19568 0.783390 -0.36300 2.210690
H23 5347 5.97456 5.38617 5.21184 1.380510 0.260260 2.123340
H24 5348 5.93710 5.51253 5.32110 0.898840 -2.11333 -0.05323
H25 5349 6.01664 4.99588 5.08387 0.075820 0.557300 -0.17801
H26 5350 5.83580 4.94461 5.11296 0.266810 -0.12040 1.027990
H27 5351 5.89647 5.07335 5.19270 0.090440 -1.24756 1.303490
