C12 5318   5.871   4.812   4.782  0.0101 -0.7584 -0.5132
C11 5317   5.799   4.912   4.828 -0.0021  0.1449 -0.6560

 C1 5307   5.291   5.200   5.108  0.1060 -0.2446  0.3034
 C2 5308   5.173   5.208   5.202  0.1541  0.0099 -0.0857
 C3 5309   5.047   5.250   5.126 -0.0520 -0.5462 -0.6288
 C4 5310   5.018   5.136   5.019  0.0488 -0.0991  0.3689
 C5 5311   5.130   5.122   4.926 -0.6040  0.3488  1.0189
 C6 5312   5.258   5.138   4.970  0.5894  0.3450  0.2256
 C7 5313   5.374   5.115   4.885 -0.3134 -0.0452 -0.0819
 C8 5314   5.421   4.990   4.848 -0.7261 -0.7941  0.4609
 C9 5315   5.549   4.960   4.799  0.1483  0.0898  0.3092
C10 5316   5.657   4.916   4.870 -0.0264 -0.8594 -0.3037
C16 5322   5.394   5.115   5.184 -0.1723  0.3239 -0.3695
C17 5323   5.352   5.345   5.078  0.1407 -0.0185 -1.2129
C18 5324   5.099   5.073   4.785  0.0786 -0.2861  0.6585
C19 5325   5.558   4.978   4.645 -0.2820  0.3551 -0.4734
 H1 5327   5.181   5.275   5.290 -1.3595 -0.0221  0.1048
 H2 5328   5.148   5.105   5.235  0.1564  0.3357  0.9516
 H3 5329   5.055   5.352   5.082 -1.3760  0.4251  1.2262
 H4 5330   4.968   5.257   5.204  0.7878 -0.5325  0.2480
 H5 5331   4.916   5.158   4.980 -0.0665 -0.6053  0.3870
 H6 5332   5.011   5.038   5.071  2.3952  0.0674  1.1023
 H7 5333   5.446   5.196   4.865  1.4058 -1.1951  1.0638
 H8 5334   5.370   4.900   4.885 -0.1551 -0.4164  2.2572
 H9 5335   5.629   4.893   4.974 -0.9036 -0.6042 -0.4739
H10 5336   5.856   5.006   4.835  1.3970 -0.5478 -2.1686
H16 5340   5.479   5.084   5.118  0.9170  0.1040  1.0849
H17 5341   5.345   5.032   5.240  1.2279 -2.1474 -2.5439
H18 5342   5.451   5.175   5.257 -1.5250  1.1358  0.0460
H19 5343   5.277   5.401   5.018  0.5190  1.0803 -0.6959
H20 5344   5.451   5.337   5.028 -0.3673 -1.9953 -1.9747
H21 5345   5.358   5.410   5.168 -2.2297  0.3884 -1.2865
H22 5346   5.034   4.983   4.779 -0.8582  0.4669 -2.1629
H23 5347   5.187   5.044   4.723 -1.5828  0.0207 -1.9941
H24 5348   5.055   5.153   4.722  1.4193 -1.1063 -1.4278
H25 5349   5.544   4.880   4.596 -0.4261 -0.0708  0.4018
H26 5350   5.648   5.038   4.616 -0.4003  0.3058 -0.9427
H27 5351   5.486   5.050   4.601  0.5031  0.4232 -1.6827