 C12    5318   7.628   7.580   3.192  0.4213 -0.4581 -0.6600
 C11    5317   7.563   7.689   3.141  0.2448  0.0124  0.2996
 
  C1    5307   7.845   8.155   3.562 -0.1411  0.8852  0.5191
  C2    5308   7.872   8.279   3.642 -0.0184  0.1673 -0.4000
  C3    5309   7.919   8.399   3.552 -0.4402 -0.2680  0.1457
  C4    5310   7.829   8.422   3.434  0.1532 -0.5163 -0.5536
  C5    5311   7.754   8.300   3.371 -0.5809 -0.0491  0.0661
  C6    5312   7.761   8.177   3.431  0.3572 -0.0537  0.1706
  C7    5313   7.711   8.056   3.371 -0.1739  0.0714 -0.4106
  C8    5314   7.582   8.021   3.349  0.7104 -0.4552  0.8793
  C9    5315   7.541   7.887   3.303  0.6546 -0.1959 -0.0818
 C10    5316   7.574   7.822   3.184  0.1870 -0.7458 -0.5383
 C16    5322   7.972   8.076   3.528 -0.3837  0.6880 -0.8544
 C17    5323   7.752   8.059   3.654  0.2309 -0.0697 -0.0853
 C18    5324   7.685   8.325   3.235  0.3532  0.2209  0.5842
 C19    5325   7.489   7.803   3.417 -0.4211  0.2575  0.1828
  H1    5327   7.943   8.260   3.725 -1.4643  0.5974  0.9835
  H2    5328   7.781   8.297   3.702  0.0883 -3.8477  1.3288
  H3    5329   7.928   8.491   3.613  0.4178 -0.5100  0.3948
  H4    5330   8.027   8.386   3.531 -0.3148 -0.0651  0.6524
  H5    5331   7.747   8.491   3.464  1.5549  1.0985 -0.2594
  H6    5332   7.871   8.492   3.358  1.9774  0.2744  1.0955
  H7    5333   7.793   7.982   3.370  0.6157  0.6678  3.4048
  H8    5334   7.501   8.091   3.372  0.0076 -0.3490 -1.6644
  H9    5335   7.616   7.888   3.106  2.9085 -1.3040  0.3741
 H10    5336   7.500   7.682   3.051  1.4220  3.2593 -0.9421
 H14    5340   8.033   8.120   3.446 -2.4962 -0.2543 -3.0857
 H15    5341   7.948   7.976   3.485 -0.5211  1.7435 -3.4324
 H16    5342   8.036   8.054   3.615 -0.9908  0.5103 -0.4470
 H17    5343   7.739   7.953   3.624  1.6509 -0.4080  0.4102
 H18    5344   7.652   8.101   3.676  0.9565  1.2903  0.7703
 H19    5345   7.800   8.051   3.754  0.1112 -1.5648 -0.1212
 H20    5346   7.757   8.354   3.156 -1.9368  1.9194 -0.9866
 H21    5347   7.610   8.406   3.245  0.1087 -0.0216  0.7395
 H22    5348   7.631   8.236   3.197 -1.1566  1.9256 -1.4940
 H23    5349   7.381   7.826   3.412 -0.3405  0.3960 -1.7537
 H24    5350   7.515   7.832   3.521 -0.0907  2.9809 -0.5734
 H25    5351   7.515   7.695   3.413 -1.0033  0.0922  0.7756