 C1 5307 7.20461 7.35111 2.66006 -0.40917 0.03756  -0.95085
 C2 5308 7.12423 7.31662 2.53818 -0.2584  0.29687  0.18282
 C3 5309 6.97567 7.36693 2.54849  0.496   0.17443  -0.10192
 C4 5310 6.96577 7.51145 2.58811 0.11088  0.07346  0.7608
 C5 5311 7.07698 7.57273 2.67952 0.37912  0.38746  -0.22442
 C6 5312 7.18757 7.49853 2.71179 -0.09471 -0.38647 0.03535
 C7 5313 7.28538 7.53937 2.80929 -0.10426 0.39505  0.19235
 C8 5314 7.37482 7.6407  2.80026 0.26693  -1.1837  -0.11248
 C9 5315 7.4825  7.66289 2.89858 -0.23952 -0.50016 0.40748
C10 5316 7.47146 7.69105 3.03481 0.27161  -0.02325 0.89813

C16 5322 7.18276 7.25377 2.77657 -0.61357 0.98434  0.07193
C17 5323 7.36092 7.34093 2.61774 -0.10404 -0.14304 0.18484
C18 5324 7.04767 7.71258 2.73839 -0.15394 -0.55505 -0.42785
C19 5325 7.61504 7.61182 2.84777 0.10063  0.27991  -0.43425

 H1 5327 7.12911 7.20837 2.51472 0.69892  0.68608  -1.58403
 H2 5328 7.18175 7.35475 2.45192 3.33705  -1.89635 1.35878
 H3 5329 6.92266 7.34872 2.45297 0.29715  -0.68892 0.16616
 H4 5330 6.91885 7.29409 2.60965 0.45313  -0.16688 -0.54386
 H5 5331 6.9691  7.57438 2.49638 -1.77656 -0.72679 0.08548
 H6 5332 6.86278 7.54372 2.61626 -0.90379 -2.07475 -0.25313
 H7 5333 7.29611 7.45786 2.88306 0.36328  -2.30947 -2.63668
 H8 5334 7.37436 7.7073  2.71334 -0.32969 0.88913  1.41168
 H9 5335 7.3708  7.72343 3.06678 -0.4744  -2.77781 1.53574
H10 5336 7.57095 7.78832 3.18781 -3.58239 0.36352  -0.75298

H14 5340 7.08693 7.26819 2.83123 0.46767  3.65598  1.49409
H15 5341 7.25643 7.27048 2.85854 -2.25142 2.9058   1.25704
H16 5342 7.19517 7.14764 2.74952 -0.00171 1.15406  -0.33174
H17 5343 7.43771 7.33997 2.69779 -0.45076 -1.60455 0.53145
H18 5344 7.39173 7.41495 2.54145 -1.22881 -0.83366 -0.98396
H19 5345 7.3761  7.24298 2.56731 1.08136  -0.43504 1.0569
H20 5346 6.95823 7.71283 2.8037  -0.74161 2.57209  -1.11492
H21 5347 7.03098 7.78534 2.65645 0.21885  -0.52768 -0.4825
H22 5348 7.13123 7.75202 2.79958 -1.35392 2.28434  -0.47579
H23 5349 7.65506 7.70282 2.79943 -0.7348  1.40719  0.91001
H24 5350 7.61568 7.53816 2.76467 -2.41143 1.21499  -1.38981
H25 5351 7.68117 7.56532 2.92406 0.75515  0.32393  -0.9703
