C10 5316   8.435   5.026   4.495  0.2485  0.6382 -0.1996
C11 5317   8.503   4.928   4.412 -0.3977  0.6303  0.3930
C12 5318   8.454   4.877   4.285 -0.4394 -0.0829  0.0437
C13 5319   8.337   4.923   4.217 -0.4696 -0.0299  0.0039

C13 5319   8.337   4.923   4.217 -0.4696 -0.0299  0.0039
C14 5320   8.274   4.851   4.117  0.3271  0.6092 -0.1975
C15 5321   8.150   4.879   4.054  0.3551  0.3884  0.1888
C20 5326   8.296   5.064   4.261  0.1179  0.5180  0.2128
H11 5337   8.508   4.794   4.243  0.1639  0.2768  0.0970
H12 5338   8.324   4.758   4.101  0.9069  0.9894 -0.6148
H13 5339   8.122   4.979   4.077  1.8550  0.5458  1.4388
H28 5352   8.243   5.099   4.170 -1.6120  1.0797  1.3813
H29 5353   8.391   5.119   4.276  0.0413  0.4675  0.9384
H30 5354   8.221   5.075   4.342 -2.1225 -1.7979 -1.3724