C13 5319   8.521   4.781   4.203  0.3538 -0.0480 -0.3065
C14 5320   8.491   4.761   4.070 -0.1682 -0.5331  0.4523
C15 5321   8.560   4.680   3.976 -0.0452 -0.1148  0.5453
C20 5326   8.621   4.697   4.283  0.1916 -0.2334  0.4861
H11 5337   8.363   4.921   4.248  0.0155 -0.1198  0.3135
H12 5338   8.414   4.828   4.038 -0.7253 -0.9966  0.8125
H13 5339   8.626   4.615   4.029 -0.4545  0.8036  2.2264
H28 5352   8.623   4.604   4.222  2.3486 -0.1721  0.3559
H29 5353   8.574   4.680   4.382  0.6374  0.2590  0.7921
H30 5354   8.728   4.729   4.286  0.3005  0.1367 -3.0841
