C13 4982   7.793   4.922   4.424 -0.1259 -0.3102  0.0911
C14 4983   7.868   4.806   4.431 -0.4872  0.0707 -0.0104
C15 4984   7.907   4.749   4.307 -0.1452  0.4017  0.2270
C20 4989   7.770   4.990   4.290  0.0458  0.7648 -0.0676
H11 5000   7.795   4.909   4.619  0.7713 -0.9170 -1.5632
H12 5001   7.881   4.745   4.519  2.9988  1.1972  0.4316
H13 5002   7.935   4.647   4.313  1.2161  0.6896 -0.7649
H28 5015   7.823   5.088   4.284 -1.5766  1.6505 -0.8710
H29 5016   7.665   5.011   4.260  0.2840  2.5402  0.2057
H30 5017   7.818   4.923   4.215  0.8698  0.3900  0.7858
