C13 5474   4.783   4.999   8.514  0.6598  0.1429 -0.5395
C14 5475   4.761   5.137   8.512 -0.7559 -0.2896 -0.0492
C15 5476   4.788   5.226   8.611  0.0725  0.3361  0.4273
C20 5481   4.856   4.933   8.625  0.5355  0.6527  0.0379
H11 5492   4.708   4.958   8.305  1.0585  0.4508 -0.4068
H12 5493   4.743   5.163   8.410  1.1521 -0.3962 -0.4534
H13 5494   4.814   5.323   8.573  1.1428  0.2052  0.7873
H28 5507   4.769   4.879   8.666 -1.0319  2.0125 -1.3036
H29 5508   4.890   5.009   8.699 -0.5346  1.0046  0.1841
H30 5509   4.937   4.866   8.586 -2.9008 -3.3190 -1.0020
