 C1 5462   3.968   4.241   8.430  0.2649  0.1584 -0.6442
 C2 5463   3.887   4.210   8.556  0.2499 -0.0584 -0.4529
 C3 5464   3.963   4.114   8.646 -0.1555 -0.3365  0.0289
 C4 5465   4.089   4.186   8.690 -0.1288 -0.1922  0.8794
 C5 5466   4.173   4.244   8.579 -0.2239  0.3921  0.3100
 C6 5467   4.114   4.284   8.459  0.3016 -0.3629 -0.0492
 C7 5468   4.194   4.359   8.354 -0.2575  1.0475 -0.1103
 C8 5469   4.221   4.491   8.361 -0.1417 -0.0409  0.3951
 C9 5470   4.283   4.557   8.252  0.3516  0.0856  0.2745
C10 5471   4.416   4.548   8.224  0.4466  0.8491 -0.5540
C16 5477   3.887   4.347   8.354  0.0583 -0.4928  0.4361
C17 5478   3.968   4.120   8.325 -0.1227  0.1889  0.1150
C18 5479   4.320   4.261   8.617  0.3302 -0.0468 -0.6997
C19 5480   4.183   4.644   8.177  0.0156  0.2822 -0.5623
 H1 5482   3.788   4.169   8.529 -0.6286 -0.1306  2.5249
 H2 5483   3.861   4.304   8.608  0.0740  1.8914 -3.7679
 H3 5484   3.987   4.022   8.588  4.4221  1.0452 -0.7409
 H4 5485   3.896   4.084   8.730  0.6773  0.6094  1.0538
 H5 5486   4.160   4.124   8.748  1.9202  1.1788 -0.0282
 H6 5487   4.060   4.269   8.759  0.9394  0.7078  0.2725
 H7 5488   4.221   4.305   8.263  4.8861  0.4697  1.4248
 H8 5489   4.200   4.555   8.449 -1.8807  1.2239 -0.8577
 H9 5490   4.479   4.485   8.290  0.3257  1.0349 -0.2577
H10 5491   4.534   4.552   8.042  0.8940  0.6195  0.9144
H16 5495   3.778   4.329   8.362 -0.0686  0.3378  0.6325
H17 5496   3.914   4.355   8.247 -0.6502  1.5448  0.3732
H18 5497   3.904   4.437   8.416  0.5267 -3.0001  4.3988
H19 5498   4.002   4.165   8.229 -0.7319  2.7450  1.0027
H20 5499   3.864   4.084   8.314  0.0513 -0.1001 -0.6249
H21 5500   4.031   4.038   8.367  2.6251  1.8703 -0.4506
H22 5501   4.319   4.307   8.719  0.4297 -0.0510 -0.6969
H23 5502   4.382   4.332   8.559  2.9596 -0.0663  1.8094
H24 5503   4.374   4.164   8.612  2.8030  1.0584  1.8808
H25 5504   4.195   4.755   8.186  1.0498  0.0924  0.8584
H26 5505   4.082   4.612   8.208  0.4548 -0.8744 -0.2496
H27 5506   4.192   4.624   8.068 -2.8006 -1.2709 -0.5901
