C13 5474   4.645   4.816   8.059 -0.1956 -0.3886  0.2654
C12 5473   4.527   4.752   8.114 -0.3100  0.0709  0.0159
C11 5472   4.489   4.617   8.118  0.5735  0.2827 -0.2258
C10 5471   4.548   4.505   8.045 -0.1098  1.0335  0.3836

 C1 5462   4.814   3.990   8.010 -0.3531  0.3663  0.5014
 C2 5463   4.906   3.905   7.923 -0.3851  0.1432  0.3196
 C3 5464   4.829   3.845   7.806 -0.0405 -0.3693  0.0157
 C4 5465   4.783   3.962   7.721  0.3120 -0.3652 -0.7721
 C5 5466   4.708   4.070   7.794  0.4854  0.1779 -0.1808
 C6 5467   4.732   4.094   7.930 -0.4395 -0.1554 -0.0881
 C7 5468   4.671   4.214   8.000  0.6996  0.7889  0.2530
 C8 5469   4.720   4.339   7.990  0.2291 -0.1662 -0.3126
 C9 5470   4.667   4.443   8.070 -0.1349  0.2031 -0.3832
C10 5471   4.548   4.505   8.045 -0.1098  1.0335  0.3836
C16 5477   4.905   4.053   8.116 -0.1446 -0.4619 -0.4496
C17 5478   4.715   3.903   8.101  0.2334  0.0838 -0.0497
C18 5479   4.615   4.151   7.704 -0.5289  0.2311  0.5173
C19 5480   4.763   4.481   8.182 -0.0656  0.3373  0.5272
 H1 5482   4.953   3.825   7.984  1.3143 -0.8144 -2.0968
 H2 5483   4.993   3.964   7.890 -0.4153  2.2458  3.5446
 H3 5484   4.743   3.787   7.846 -3.1890  3.1813 -0.9517
 H4 5485   4.896   3.774   7.753  0.1527  0.6903 -1.2003
 H5 5486   4.716   3.934   7.637 -0.9100  1.9571 -0.6475
 H6 5487   4.872   4.008   7.672 -0.2772  1.0252 -0.5744
 H7 5488   4.590   4.195   8.071 -3.0849  2.5777 -3.1566
 H8 5489   4.800   4.370   7.920  1.7983  0.2603  1.5713
 H9 5490   4.490   4.472   7.957  0.1844  1.0872  0.1657
H10 5491   4.394   4.595   8.168 -0.0609  0.8270 -1.1539
H16 5495   4.984   3.983   8.150  0.4495  0.1572 -0.5405
H17 5496   4.850   4.090   8.205  1.4322  0.9471 -0.0182
H18 5497   4.960   4.129   8.057 -0.4012 -3.0000 -4.4121
H19 5498   4.678   3.973   8.179  2.3328  1.8376 -0.5074
H20 5499   4.774   3.823   8.149 -0.3115  0.0369  0.5521
H21 5500   4.639   3.857   8.034 -1.2565  2.9617 -0.4919
H22 5501   4.675   4.174   7.613 -0.6080  0.2759  0.4765
H23 5502   4.582   4.251   7.738 -1.7152  1.1129 -2.8031
H24 5503   4.521   4.095   7.683 -0.9911  1.9891 -2.7524
H25 5504   4.814   4.580   8.175 -0.4728  0.4603 -1.1883
H26 5505   4.837   4.399   8.190 -0.8922 -0.4875  0.0126
H27 5506   4.707   4.485   8.278  1.3347 -2.3715  1.5496