C10 4979   7.607   5.100   4.678 -0.3130 -0.0723 -0.3224
C11 4980   7.654   5.059   4.560 -0.1005  0.1170  0.3964
C12 4981   7.747   4.962   4.540 -0.2434 -0.3046  0.3852
C13 4982   7.793   4.880   4.631  0.3086  0.1404 -0.0735

C13 4982   7.793   4.880   4.631  0.3086  0.1404 -0.0735
C14 4983   7.904   4.808   4.589 -0.0428  0.4589  0.1734
C15 4984   7.968   4.729   4.688 -0.4095  0.2220 -0.1304
C20 4989   7.737   4.859   4.771 -0.7586 -0.0448  0.1187
H11 5000   7.791   4.941   4.445  0.9918 -1.2630  1.1404
H12 5001   7.957   4.823   4.497 -1.3901 -2.6611 -1.2644
H13 5002   8.068   4.702   4.664 -0.6939 -1.3801  0.3915
H28 5015   7.637   4.810   4.768 -1.4887  1.2501  1.4797
H29 5016   7.724   4.949   4.835 -2.5603 -0.1333 -0.0535
H30 5017   7.807   4.788   4.820 -0.4970 -0.5553 -0.9852